676
409
829
599
170
626
575
310
760
779
976
289
625
841
752
876
141
196
753
900
523
074
996
235
226
915
702
669
635
391
754
411
039
233
013
457
088
579
636
060
821
602
124
229
938
029
021
615
709
469
077
889
815
000
912
941
002
998
486
311
572
716
282
993
483
491
465
833
414
875
072
444
846
129
030
944
461
492
270
801
734
554
731
792
949
999
645
350
146
220
402
968
531
885
190
530
632
268
739
914
272
800
945
107
958
935
374
234
881
756
379
627
527
375
195
986
297
622
867
903
909
699
715
850
518
210
353
525
300
288
725
346
316
928
161
959
902
271
010
418
720
194
137
507
907
713
243
087
055
079
362
003
046
152
437
714
265
522
266
793
870
452
236
629
593
420
657
067
209
906
842
896
037
355
790
834
051
349
623
166
183
568
814
954
009
419
424
494
929
750
404
685
668
512
758
330
549
168
259
357
158
550
325
643
563
662
619
721
890
535
275
830
347
408
782
382
854
285
806
751
372
296
505
438
574
980
031
477
548
711
497
092
106
582
966
241
250
022
217
482
577
090
281
567
188
324
012
099
520
014
017
048
238
859
488
674
895
329
832
952
326
333
517
641
978
172
462
927
470
735
555
244
293
543
466
066
823
583
862
433
367
264
882
880
247
377
831
931
697
421
286
597
610
666
588
269
086
925
701
698
742
682
965
755
736
442
849
399
126
590
481
943
340
091
897
295
082
771
977
642
280
429
853
135
383
373
514
068
450
096
673
616
503
975
198
963
227
028
508
553
617
063
864
933
803
844
839
200
591
386
722
732
683
380
888
612
222
036
400
845
479
688
537
957
290
149
695
164
614
671
097
458
116
245
174
934
140
365
255
946
921
059
923
783
173
385
893
186
184
348
279
780
011
199
253
040
205
307
004
905
528
248
863
818
690
719
405
426
202
364
816
573
767
499
592
763
874
995
263
131
644
138
621
913
179
110
112
786
576
542
376
001
044
950
261
639
454
345
447
085
656
460
940
646
331
239
726
696
778
971
035
320
868
942
791
430
675
133
886
208
338
287
787
919
495
163
062
016
884
686
114
100
634
144
230
997
883
181
165
985
493
214
580
182
211
042
799
825
180
203
932
125
871
852
069
828
651
093
511
169
824
425
820
305
559
396
204
084
569
869
789
774
955
473
490
510
951
770
371
648
504
306
446
020
712
620
315
397
680
740
413
962
440
485
252
038
314
798
749
822
526
191
589
302
547
707
785
746
856
308
500
154
776
352
201
156
810
858
313
991
640
551
398
663
065
041
601
672
587
730
838
078
926
953
005
969
598
920
693
147
309
193
162
228
539
817
148
631
873
451
410
303
109
006
187
023
710
796
008
898
215
618
649
343
904
901
033
747
322
538
123
159
471
339
122
341
120
536
463
423
843
681
081
733
113
744
358
826
327
647
498
908
301
034
080
777
691
544
660
167
558
142
989
401
529
043
973
813
658
911
319
117
389
441
501
054
130
638
218
439
765
094
970
103
151
613
415
556
443
728
459
321
171
916
015
865
857
532
249
759
026
879
025
448
606
192
102
053
723
294
431
132
706
363
637
836
964
524
562
515
855
872
317
659
274
654
024
762
027
840
453
105
861
240
564
212
318
757
237
370
403
344
670
445
058
717
594
221
337
422
565
064
851
246
328
987
650
506
571
387
406
277
878
678
809
566
487
356
513
095
819
489
540
729
299
516
761
474
108
628
083
115
705
797
788
111
291
994
937
427
283
032
412
436
312
225
388
679
395
071
546
231
050
768
464
160
585
456
600
242
665
745
802
323
837
496
143
018
586
784
472
153
260
812
393
560
128
794
354
435
808
262
502
718
607
664
608
866
366
145
342
360
392
545
104
273
432
007
178
892
449
795
609
052
584
101
045
667
936
335
652
541
769
775
056
057
805
939
089
704
098
351
073
278
119
369
359
219
772
417
972
267
361
292
475
948
134
155
578
899
070
748
982
877
947
206
298
276
468
150
708
727
689
624
655
552
416
232
224
694
922
603
595
677
509
684
807
176
251
604
724
860
480
407
960
633
766
981
773
484
557
521
384
918
213
061
737
570
924
605
368
687
121
047
596
216
334
848
336
988
136
992
984
961
076
394
534
741
197
175
835
692
611
118
847
519
434
738
804
979
189
990
764
561
378
019
304
581
700
478
075
930
811
256
894
390
467
910
974
428
983
127
258
917
630
049
653
533
207
177
891
476
887
455
157
223
185
284
381
661
827
257
139
332
743
703
967
956
781
254
