0001
5118
3615
7495
9172
5438
7047
6849
5925
9451
9589
5901
6044
4144
4344
1731
2812
7470
6320
7882
1492
7951
7087
1306
0639
8862
6059
4074
2757
4925
8195
8264
4392
6007
5187
6296
5795
8774
7698
6215
8247
1350
9745
6287
6135
7059
7020
9263
4998
9874
0740
8454
3947
5318
2151
1971
9274
9731
1440
5962
0180
7335
9404
7533
0965
3115
1407
8770
7838
0574
1125
4071
1955
1422
0451
6206
1886
5378
8618
0434
4568
2308
2391
6794
5433
9529
3132
8514
8557
5192
9981
7502
8430
9820
2106
0872
2006
5977
9601
5999
3368
4856
4978
1913
7506
4957
5003
6535
5466
1673
3631
5373
2644
0743
1328
3528
4464
7947
2925
4107
9376
4806
8283
3273
4737
0663
5351
8275
1423
1599
9814
4252
5009
6031
9465
1101
8499
1906
3595
3860
3466
0568
6080
3899
2964
1178
1187
1669
9226
0462
1025
1588
5481
0846
2123
7629
5902
3789
7204
5796
3593
8573
6528
1577
1321
6384
9638
7944
6054
1722
5052
7123
4109
8095
8098
0413
1915
2476
0680
4636
7163
6267
8099
1415
1165
1874
7342
7620
9534
9832
0060
9287
7437
2236
5107
6162
2991
7396
5029
1937
6759
2734
0729
3855
7082
9700
2702
7321
3872
8162
1472
1082
1787
8873
1024
2730
3587
6998
8664
3096
9739
4680
2443
2773
9607
0659
7297
5200
3982
9782
8407
2475
2593
4418
5113
1950
4695
3397
5166
2888
0012
6322
8493
8755
0186
7503
9361
7896
3108
6675
7076
9558
5557
6545
0475
2815
0853
3856
1515
3817
6932
7489
8365
8016
1580
5338
1896
3324
3964
3716
1663
3506
8363
9329
6416
4593
3560
3592
4742
8895
5292
2280
0955
9955
9491
0416
2628
7669
0684
3798
5249
6521
6978
2423
0386
8176
1301
1118
8961
1562
3099
5662
4437
9292
4383
9319
2744
5779
1449
5773
6264
4368
4848
2990
6844
9333
8198
7463
7596
3047
5282
4511
6116
7745
8409
9097
9401
1637
2147
5084
9982
1681
0971
1678
8608
3987
1547
0881
3788
2418
2076
3023
3067
3527
8042
1299
5136
2225
6006
5062
1556
8903
2686
3484
7611
4428
7617
8942
1171
7178
5552
1177
6446
8658
2798
7932
1230
0438
9222
4656
4345
3519
6771
3136
1495
9225
9767
2760
7551
8567
9055
0006
6559
9599
3069
7850
8053
2468
6413
5395
9033
8131
3476
8039
2820
9417
8235
2851
2286
8959
6193
9872
7202
9886
9054
8473
1894
8449
5680
7783
1825
6040
9639
9189
5410
4793
1200
5863
1919
8378
3668
7804
3770
3888
7663
1467
3566
1063
5213
5838
5580
9719
1664
6442
2469
1412
7851
2265
8936
1574
4148
9355
5938
7592
3158
7894
3178
1304
8899
1534
5729
8310
3512
4340
3357
7380
1064
5326
8225
8717
1819
7118
4810
1630
9312
5463
4827
2737
7171
3747
5049
6669
6133
8866
2323
5321
5750
3085
2549
6366
7000
9230
3661
6486
5476
2086
7931
6892
9552
8398
8708
6822
7027
3685
1549
2133
6312
4734
9074
5942
1751
5424
4004
9727
2701
7205
3871
6657
2957
1570
5912
1652
7628
3049
0635
8614
8783
2170
1753
6680
5966
9908
8853
9869
8929
6727
7798
9107
0896
6437
5455
6649
4664
5316
7771
8553
1932
6188
9686
9580
0097
6655
2680
8996
1686
4186
1735
7143
8410
9028
1768
6504
7510
6607
5181
5829
4034
5366
7605
5225
5308
3833
7469
1096
5579
4881
7892
1560
0910
8501
2300
6289
9310
3861
9503
8578
3916
9741
1461
0061
3251
1670
9830
1011
5341
8437
1486
8008
0672
2735
2994
7066
7520
8520
5510
3465
3051
2938
2415
4288
4204
9005
4770
0755
9011
9757
8284
8968
1682
0471
5432
1122
4102
9362
9450
6490
6640
5921
2799
0245
5020
5595
4778
2981
9446
2682
4119
8216
6184
4333
9742
4147
2664
7501
6231
3662
4115
3026
2311
5948
6097
4731
5217
5083
6723
9160
4597
4632
7529
1265
5304
3098
7216
0145
8931
2911
0435
5893
6158
8891
2819
7700
6255
2545
1719
1982
3874
0192
1835
7371
8414
7999
8941
9198
2892
7332
0887
6777
0842
6488
4960
2176
9359
4647
2751
7260
8807
8579
8219
5415
5233
3349
7974
7895
6026
7584
3505
1137
0077
9775
6034
1928
3188
0917
8026
9498
7664
0348
4687
0294
8928
9203
9043
5993
5661
1117
3094
7893
1010
7627
3331
1708
7424
5748
5291
8289
3635
9644
9188
5877
8739
2947
7257
2029
0919
8101
0036
2822
7762
9476
0632
0686
6368
0240
3717
1988
8028
1114
6020
6207
9654
4765
7646
7780
3117
8467
2538
7222
1343
6138
4130
7421
4995
6689
2384
3271
9692
1404
8788
9793
7377
8716
1821
5489
9916
2325
6295
0775
2750
8762
2081
1567
2192
2397
8325
1311
1466
9583
3882
1353
0176
2498
7270
4264
2963
2726
1292
7466
8469
0647
8419
4619
6120
7017
2987
1537
2252
1281
2279
8710
3637
8881
7843
8476
1284
1330
6595
3712
6526
3764
6905
1969
5167
3942
7214
1829
7642
8438
8322
7846
4705
4807
8188
6219
2378
0138
9336
2245
2161
3591
9576
6252
3070
7840
8771
9277
4182
1339
3877
4926
1846
9753
6539
9219
0947
0884
1509
1866
3267
9009
0037
0390
4190
4790
0024
1055
0968
4951
1244
4041
4757
7104
1223
5323
8824
3226
4897
7403
1194
0724
3869
5743
9220
6970
7872
6534
6096
9053
3687
3999
0441
0934
9148
3337
8773
3514
7689
3841
0163
1635
8068
3929
4380
9298
9196
4979
5208
7679
4281
0710
0512
3580
5689
4515
0554
9466
0252
1585
3926
3079
5970
9543
0401
3892
8602
4650
0683
2711
8046
3752
4145
6351
6656
1504
1309
4471
1736
6554
2098
8649
8472
3280
5060
8252
3393
0860
5007
8837
5500
8245
5821
8612
2263
8695
0469
9645
9868
4032
0711
0948
4518
0495
9237
3479
1021
8278
8048
8915
5693
7245
8793
9851
8584
6134
2756
3388
9247
0939
9747
2136
1077
7691
7310
5790
1761
0327
9212
4901
6195
7249
1661
7868
4996
0374
7636
9815
8434
0544
1900
0110
9974
3124
3159
0385
6310
3034
8221
8299
9860
7099
9281
0925
1899
3601
0383
2000
2042
0253
8006
4200
2471
3790
8360
6626
7006
0482
3955
8617
9867
0751
4988
3564
9391
2108
3648
5740
5015
3181
0247
1569
6470
1451
5852
7621
2769
3492
8044
9460
6238
3853
2864
3904
9461
5402
0926
1601
2824
5558
3875
2243
4910
9825
9002
7703
3258
6550
9291
7752
5602
8943
7129
4621
9755
1621
5023
1639
4311
8058
7324
7746
2360
5721
1778
7888
7923
5123
8486
5819
9091
1274
9456
3205
2331
5430
4913
9984
4569
9295
5454
7817
8571
2246
7652
7615
5668
6667
5554
7670
0586
6984
2968
6311
6843
6816
8978
4953
5886
2540
6903
4105
0119
1398
8459
0209
3818
7766
4615
1363
1940
1251
8829
3084
4226
8653
5201
3636
3878
2655
2703
1106
6302
9357
9382
3754
8693
1757
1499
7450
4339
2935
7288
3040
2230
2357
0871
7258
5672
5654
0285
4623
6391
1494
4331
1766
4654
9279
3991
5799
1393
5708
7699
5393
3671
9180
6014
2988
4303
5550
6769
2852
4033
2685
3690
0102
1293
7295
0847
3377
7213
0981
1484
7761
4735
3961
7189
7508
2271
2952
3330
2934
6872
1965
1424
4554
9418
8387
7411
7165
7045
0484
4719
2914
8539
7416
1196
6854
1967
5789
1626
3767
1523
1268
4888
1524
1607
1460
1516
5596
1226
2072
3354
6308
3897
9864
5862
8635
2784
5169
7220
8091
3164
4955
3303
5444
9375
0916
9112
8049
8111
9865
6914
1110
3547
1535
4609
2027
1584
3257
2884
4644
2396
2637
2215
4158
0049
0779
4436
4573
0935
1381
2178
7281
5199
9717
7468
5697
4494
8768
3383
1693
1283
7673
4131
3613
9131
9703
1505
9640
8999
7212
5645
7589
1544
0748
7926
9679
7338
7769
4530
0902
3239
4581
2010
7251
5235
3045
0502
2503
1374
2373
6603
1360
1983
4685
7863
9947
7899
9334
0606
8296
9877
6461
1961
9232
5085
7374
5566
7757
9677
8847
6507
1173
7101
7125
7607
8192
2204
5961
8411
9972
0844
0799
7759
9152
6316
6150
6297
7409
2514
0472
7476
8863
9068
2449
5179
7741
7960
5735
5870
7954
0500
7364
6962
4682
4629
1277
9652
4218
8118
9943
1526
4641
0562
7583
8344
6958
0996
8185
5053
1944
3854
7876
3326
8309
7441
1046
7983
4229
4466
8116
3740
6702
4684
5414
6909
4604
2379
1341
9854
8910
2887
8537
6850
6149
8135
2504
0573
4075
0349
4227
1816
5027
4865
4849
0167
6750
6027
2652
3363
8197
2961
8035
7480
0103
4168
4099
0470
7339
9924
6082
5775
3453
7381
4447
6869
0299
2479
9500
0394
2433
2138
9920
1530
9637
8127
8470
7471
7120
9821
8075
4981
0522
6401
9648
2366
9128
9023
1993
7494
5238
4701
5909
3427
7156
3088
7616
3707
0736
9331
1013
1833
8460
1513
3641
7760
7902
7367
0354
8352
3119
8530
9076
6865
5806
8087
9427
6328
4465
4702
4336
1257
6937
2096
6105
4419
3832
9016
8733
0526
1975
9706
1648
2555
7426
1479
2040
7309
9024
1791
2618
4610
1389
7434
4056
8761
6900
1871
8748
3373
9958
1040
2065
7286
3715
5834
1624
9763
8846
5881
8806
5041
5490
5933
8205
1483
0177
3380
2018
8801
9162
1095
0384
9987
8598
5044
2764
6933
8285
4206
6853
3244
0045
7408
0877
7085
1048
2321
0979
7439
8062
5484
7038
3629
3966
2190
2816
0357
2828
2906
6758
5805
6236
5701
3478
5844
4416
4149
9013
8842
5956
6529
0848
4078
7271
5842
3017
6567
1514
1022
9866
3334
9170
9698
8169
9025
5534
0957
7925
0805
0007
9760
1945
5876
1315
1049
5171
0546
9200
5184
6647
3914
8607
4463
8743
4430
7672
9311
5634
3902
1592
6906
9101
9697
4711
2437
1858
3145
2318
2567
4091
5882
7244
7649
1116
9850
1227
6580
7313
9715
2998
8815
2150
0734
4903
0670
1474
0053
8347
7618
6742
3301
7880
9158
9687
4690
0312
5892
0553
8177
2344
4803
9659
9138
8892
4538
2117
3480
0084
6170
5034
6181
3508
7971
8603
6109
0944
6022
9571
1127
8432
8586
3609
5565
3532
8077
4002
3623
1645
8122
7184
8025
3751
0124
6123
4767
9613
0569
6632
9969
4275
8110
6480
7080
2031
1941
2996
4156
3398
6439
2002
2436
8453
1401
8356
9173
7758
1605
0082
1769
7901
7570
8577
2865
2174
9808
7738
8769
9574
9151
4249
0739
0030
1741
8268
8293
2788
8684
8785
1454
8849
8984
4358
7705
9790
5861
5228
1112
6261
4068
3787
4776
2671
1804
9970
3706
5250
2377
7787
0490
2359
6917
7248
5963
7499
7173
4625
8256
1946
0360
8883
2518
8792
7203
7483
3848
3988
7130
2022
6990
9366
2908
5251
8244
4211
9796
2778
4831
4962
3450
7241
8979
2052
7399
9352
9764
6154
3179
3255
9420
7350
4112
5080
4353
4170
8821
3937
1859
9440
0851
7515
8149
9772
4854
7018
0071
0162
4660
6189
2037
5915
2905
5839
2880
5916
0855
4097
8735
4069
3670
9306
4772
8966
8650
2879
8388
8059
9129
6317
1430
3206
3590
3319
1007
3794
4072
2223
4177
6819
8744
3208
3435
6838
3351
6612
7477
7973
6117
0183
6260
3299
1591
3143
0343
7610
5725
6871
7556
4011
1075
1275
9812
8199
8726
3236
0273
3680
4451
1076
9285
1166
2371
2576
4355
6319
6592
8389
6002
0885
2485
3489
3994
4950
8876
4320
1745
3298
7294
0408
8399
0265
0692
1452
0244
8005
7941
5508
3901
5797
4648
2678
0206
0767
2341
2748
9985
4382
8948
0514
7221
2135
2631
9903
5590
2219
2953
7562
8765
4599
1949
6520
8835
7451
4001
4191
6808
9661
8483
2615
5642
7164
2944
1506
8121
4160
0323
7126
1282
4882
5135
4219
7811
7517
4534
8794
6387
6375
5461
0840
1481
7834
0142
9646
2026
5571
7207
1033
3169
9073
7774
7263
6741
6685
6196
0447
7860
9021
5111
2647
6004
8905
6744
5472
7074
9888
9437
3195
1325
5766
2872
1655
1210
9087
4815
2663
5540
6875
0993
6019
0148
7319
7540
3555
8951
9803
0814
6716
8318
7822
2324
3289
8521
8036
1355
4704
5776
0545
0909
4971
9077
6223
6924
9923
3295
6508
9836
6897
6517
7606
1880
6220
6571
1009
6711
4259
2019
7514
2130
2714
8657
1144
4879
1038
1531
5211
8818
2717
2376
5425
8301
7626
2452
5154
4924
5888
2256
2847
7015
5651
2624
4560
8630
2547
2584
7513
6687
7458
3936
3539
6633
1878
5194
2394
2700
1980
9957
6560
8503
7094
2808
4727
9729
6038
3796
0894
7112
5759
0906
0287
4289
1316
2398
7688
4118
9041
0136
1066
6901
5190
9521
2903
9586
2035
2573
2412
5306
1345
1803
4883
8893
7113
6810
5412
2296
6531
9211
9740
8376
1493
2948
5584
0125
5127
0257
9787
8823
6718
4825
2090
4387
8626
5791
6756
6139
0059
9430
4798
6208
5996
5706
0691
7546
1594
6192
6251
7959
1974
5630
4337
8230
2570
4510
3968
9769
8654
5988
2309
9065
0726
4880
4868
1923
0395
0882
6395
3542
8319
6509
3471
7535
1220
9997
3657
9145
5498
7382
6129
2060
4864
2434
6987
7316
8029
9104
4432
5519
5784
9899
8940
3666
7039
3863
5656
8596
5231
1131
2477
2609
7553
3202
4830
4752
4026
7500
1298
0812
3129
1947
1893
6356
4143
0725
1221
4666
5155
2642
6147
3058
5119
6399
4059
9630
1714
6677
9999
0626
0157
5569
8412
2588
8641
8464
5401
3699
6326
8745
1539
1279
3781
6156
0849
3384
0149
7254
2835
4162
5240
2033
8985
3574
2603
1856
2516
6447
9726
8701
0293
1733
9917
3113
1596
4797
3220
6802
3171
9304
9035
6323
4025
0412
5081
8420
0161
8448
9015
5623
5771
6455
5812
5059
5254
2220
8907
5636
7653
0399
4194
2070
4135
5413
1070
4517
6280
7734
8763
6629
5295
9967
0892
8605
3777
1962
3905
1609
6789
5751
3769
8085
1542
4299
9326
8126
3041
7233
2169
2844
6814
7527
0020
3392
0194
4193
0428
9546
5207
5652
5274
9268
2240
6425
0203
9590
0737
5386
9340
0094
3584
4591
1573
1207
2017
2958
1801
6074
9735
4420
3307
7749
2488
3537
8262
9675
3336
0961
5755
0341
3831
5151
9892
2440
3133
4492
4853
7425
1204
1743
6177
8229
5890
8196
6972
9000
2585
1498
3953
3783
9568
0845
0271
4076
5407
7867
2841
8158
9712
9818
4821
1511
5549
8878
0741
4809
9487
1953
3907
6811
0197
3076
4014
9394
7748
9255
3457
0114
0942
5161
4783
9168
2898
9944
3896
3638
5264
8316
1250
5733
5712
6056
8146
5698
8750
1842
9616
5382
8057
5273
5091
1849
4431
1036
9720
7278
8451
8531
0521
5445
0431
9007
3141
6798
8872
2205
2512
0146
0241
5293
2410
6293
2846
4284
4911
2875
8290
0261
8699
4080
9531
0745
7198
6171
5929
0328
6307
1538
8644
5908
4718
7997
0983
9250
9231
0978
4758
1674
2577
6332
0143
3975
6330
2724
6468
6512
8826
2830
7988
6500
4396
5172
9721
1089
0223
1161
2776
9523
6062
2528
6263
4335
6299
8609
1976
5639
9402
4786
4860
8041
1034
6977
1887
7021
2590
0380
2484
8096
6730
4364
6935
8882
3327
9582
3973
1581
3567
8326
4980
6961
6428
6230
3563
9403
6555
3201
1392
3535
7684
1676
5949
0619
5103
8647
9367
1469
7282
3468
3043
1882
8403
1885
4188
1694
3523
8533
8800
4103
7422
8924
3640
7539
2623
8528
6140
6419
0345
6628
4521
0804
7796
3761
9044
2620
2860
8825
5582
9737
7921
5164
4153
4642
5837
7660
3001
8295
6942
7781
9085
5518
5276
7301
5134
1307
3396
6248
4228
9459
1528
4237
5388
3237
7158
3810
1377
7083
2962
6870
5632
4493
9328
4024
0789
9964
2375
6417
2553
1084
9378
4372
7345
2478
9873
8392
9513
7590
4351
1409
2598
2641
6495
3000
0772
5972
0818
1026
4476
7855
4935
1854
4065
2218
5150
8340
5990
7183
2250
9549
3735
3844
9431
5470
1970
7987
3037
0230
1746
4395
8554
0700
5356
0140
0337
5831
4049
1717
6532
0940
1867
3719
1656
0410
6378
5841
3042
2889
3753
1991
9047
4628
1420
3154
5452
4906
3846
4658
6931
0314
1548
8908
2706
2937
9154
3218
4811
4841
2269
2970
7778
6476
0585
6333
3127
4875
8374
5707
4876
9910
3118
6639
6124
2882
4279
2727
8507
5859
2687
4598
5320
3422
4467
2088
0228
9952
8547
4502
1051
8152
5649
9140
5079
3599
2278
4696
7436
2534
9627
8509
9993
9008
6965
5099
7812
4150
2650
7751
4983
4247
0446
7574
8342
9592
5244
1636
3168
6928
7394
4802
2183
1711
0843
2447
0747
1926
4938
8045
5042
8689
6502
6939
9547
1828
0832
7373
3339
3270
5374
6033
1198
7119
0503
2288
8870
3943
1362
8321
2047
0029
8078
2695
9781
5640
1030
5327
3744
5168
4513
8339
8798
9197
7733
8401
7289
6501
6889
3470
0677
8670
2049
9674
1143
5575
0225
4824
9623
9665
3604
5720
4845
1364
6200
8808
9346
0510
4813
9564
6173
5814
2886
6303
5440
0977
5468
8921
2389
5524
5752
4659
7657
4508
8426
9761
4603
0694
3078
0603
5347
7086
9670
3378
8351
3545
3621
7948
5443
3175
3559
4343
7474
7354
8128
3433
8443
0856
6706
7518
2189
1225
3128
2166
6999
9939
7053
6963
1085
2316
6516
7072
8752
6011
7912
2143
6144
7837
7582
5667
3063
0519
8324
8496
5561
8856
2293
6377
1954
1546
3569
4665
3144
4300
2941
8241
4730
6197
2781
6485
8491
2971
6809
9610
9783
6283
0135
9278
3421
0277
5809
9496
7942
5715
8384
8390
2144
9707
4417
1911
2732
0781
5601
5260
3408
4263
8415
9734
6553
8972
5269
7614
1162
8627
9933
4525
5364
2184
7229
3792
0764
8207
7481
3430
2605
9286
1379
2725
1172
1195
2020
0444
8945
2208
4397
3021
3598
2806
6593
3589
0048
6166
3157
8218
3182
8034
8272
4495
2173
1795
0504
9802
9786
5987
9325
9385
9315
7755
1785
5336
3772
9884
7681
6827
6424
5058
5673
3913
3283
3976
6367
1093
6745
7994
4747
6101
9341
2640
6739
6831
6016
5710
5057
4402
3993
9880
2731
2690
6119
7632
1245
9856
6058
1904
7961
6112
4283
2674
0962
2131
7096
4917
2101
6273
9276
3300
0658
8304
5074
6562
8529
6279
2198
1632
8536
0907
0950
8843
2355
5928
2861
8848
1087
9555
0674
0420
4472
5400
5175
5781
5237
6785
0976
4057
2282
3919
3073
2866
5702
8535
2629
7890
3825
6185
1369
2818
2580
0633
0442
8065
7878
6064
6012
3052
9593
3852
7067
5110
9701
1533
8799
9678
4391
9962
1952
7302
8231
4261
8833
2162
4477
5765
7360
0783
4352
6698
7722
3572
1897
3352
8312
1595
5811
3970
1579
0454
2809
0540
6728
6379
6673
1734
5315
6065
7736
2508
3708
6579
3524
2511
7524
2523
0501
1931
6823
3105
0769
6660
1238
8021
6650
1041
3274
8827
5287
4539
1978
7406
3612
9252
6001
6009
7012
6506
1059
3985
7169
0922
9254
8527
4484
2894
3089
4679
9368
8105
8764
2258
8182
8851
1015
9434
4329
5436
4425
6631
7144
9470
8047
2526
0179
2361
4154
6494
2200
7014
2786
9248
8719
4661
9155
1267
1111
7432
5560
5047
7372
0498
7991
3895
1003
7182
9454
2460
0335
2506
7854
9224
8012
8659
3768
3231
7655
1287
1386
5507
2050
1056
1231
6959
3850
4535
1519
0513
3003
9299
1441
7052
5261
7196
7139
0878
2677
9444
7211
3701
2351
2505
2490
9464
1653
2668
4245
4338
4203
2805
8718
7106
6681
1615
0242
6572
9371
9676
6300
9948
2156
5591
4400
1532
1622
9422
9327
1715
2871
0258
5917
9195
4317
4066
9048
4159
9484
9525
1924
3082
8130
7635
7402
8977
9365
0107
3778
2713
2036
2722
4934
8625
7666
5808
4394
0833
3678
1667
6462
2007
0164
7276
2606
9240
2237
0466
4720
4126
3935
8566
3858
3971
0583
4976
5106
8215
1487
1146
4357
7848
5792
3452
1019
8174
0835
4710
2273
6477
3483
2222
8967
2651
3583
3618
2572
4546
3945
0112
5126
4575
6268
2409
1140
5001
0204
6469
2559
0791
1264
2733
8889
1094
0315
8759
8957
4801
7735
0657
1853
8772
8359
0283
7847
9372
3241
0074
6921
5288
5589
6126
7819
0958
5247
3008
8697
8989
6355
7807
2473
1958
9123
2291
9909
3837
1100
4675
9572
6510
9794
2543
1133
9733
7754
5727
9343
1450
7152
8831
9504
3729
7676
3805
3702
2561
0505
0448
3727
6720
0864
4141
6740
5705
9116
4435
9699
6483
8820
1916
9301
4823
4082
0918
1726
3437
6277
0651
7581
8145
1820
6518
9859
1008
3222
2519
7326
7816
6249
5899
2232
4761
0992
4590
2303
4304
5691
2128
3682
1054
4361
8172
6944
0055
0752
8153
3684
3626
4541
3709
0713
9435
9052
6622
0477
2696
0092
0155
4501
5170
6403
5830
7385
5509
3309
6839
5822
0733
0715
2955
0171
0330
8973
6341
1388
9736
5370
4272
0796
2522
4230
7079
0850
1174
7395
0000
3291
4180
6475
0085
7667
5825
7467
4808
7218
2630
5456
1861
6860
3499
5603
3090
2579
4844
4421
0002
3497
3829
3081
6654
2967
4846
9950
2403
6060
9022
8504
2480
7687
0708
2188
3033
2633
0765
1808
4663
6113
0106
6804
6522
2009
8166
4773
9235
1508
3329
5868
1687
7187
4214
0361
1359
6966
3424
8050
2659
6304
1375
3296
5607
8789
2597
2766
7920
4134
9929
9143
5932
1099
3213
0762
1477
2721
5055
8175
6910
2688
7340
9383
3402
3784
3691
5678
1568
9136
1750
0667
0723
9149
8181
2127
6997
8350
1097
0576
1550
3294
1169
2936
7534
1704
4973
6083
7934
2172
4800
1857
6270
5619
8022
8723
8056
2661
0702
3959
3617
5354
0132
9980
5189
2873
3338
4617
7569
8435
7137
5562
7680
1633
3126
2314
3446
6974
4779
7823
3461
7521
6396
9239
6969
2386
4723
8246
7005
3923
7032
9358
2838
2427
4008
9862
0746
5214
7400
9913
1391
2313
2114
7919
2008
2327
2196
1638
7284
9537
0671
2163
6498
0272
3698
6925
9878
0081
0377
6573
3515
0927
2104
8734
9218
3308
5994
7226
1809
4022
4319
6088
2850
4862
0699
9109
6225
3358
3965
6025
3370
8345
2158
6003
9223
1445
8715
4104
8974
6216
5898
7831
4969
8265
6960
8003
6460
1972
8964
6484
8239
2997
2134
7062
6194
0461
2404
8686
7856
0040
2535
8038
5621
5229
1748
9705
1444
5911
4496
1716
7640
9300
0616
9096
4745
7285
3328
4309
1090
8370
2976
9272
4174
4740
7219
0828
3317
6513
1684
3568
4693
5835
6434
3791
8796
3771
0019
2126
9090
5021
3763
4453
4155
9765
5665
2213
2836
2456
6465
8381
5120
7033
0023
4414
9046
3868
1658
8015
8576
5638
5867
2275
0392
1765
3477
7981
6153
6092
6081
6766
0640
6278
2789
9419
1470
4549
9579
4040
7140
3649
2933
1740
9565
9876
2329
7255
0033
6778
2657
3038
3247
2338
8138
9483
5104
6679
5853
9946
3194
3114
2137
7656
5191
3429
9030
9562
1337
4763
5271
0499
6087
1261
0373
4519
7507
8338
4639
4196
0537
7090
1317
7280
9384
3558
4411
7298
4198
8838
7046
7644
0618
1957
8475
4207
4250
0911
7414
2986
5644
0730
3736
6976
1933
1779
5265
9535
7292
0326
0409
2030
1814
5036
2221
2337
3170
7023
3278
8572
3240
2231
7975
6779
4485
0419
3376
0954
0634
9842
5185
3180
0215
0199
5006
9911
7770
9710
4171
3495
5711
4923
5090
7624
4893
5525
9728
3022
6589
8852
6373
1387
4088
0429
0763
3686
3009
4678
5056
1554
8280
4327
0249
9338
7571
7889
3184
5675
1153
9567
0592
4975
5248
1263
4179
2965
9482
9396
0264
2979
2059
5026
7131
9591
5763
7731
2100
0656
0014
6110
6859
6934
5206
6948
4967
1541
2960
9443
1155
0321
5256
5515
5758
3498
5807
0696
1215
9051
7914
8622
2896
8700
5782
4342
7035
2481
1380
1625
0351
1998
5162
7347
6916
8291
8242
0963
0332
0115
8445
5198
6761
0353
5625
1604
3557
9093
5546
6754
6979
4774
5384
4328
5311
7268
9609
8286
3526
9064
0808
9655
6786
5241
9545
1619
8703
8678
6549
5742
6024
4820
5159
8512
0803
3518
2595
4443
3930
5404
9398
2984
2212
5457
6258
1968
3056
5739
9406
8655
3491
4248
0688
3374
8920
9012
6474
6175
8100
5965
4506
7114
2294
3116
8194
9439
9257
3186
0973
3912
1600
8839
4052
1641
0599
9514
3165
5914
8173
4456
6179
7097
6981
0990
0995
6993
4043
4318
2604
9144
2613
1278
1553
4251
5397
3245
1892
4589
8234
3586
1338
4872
6763
9003
5874
5495
8865
3467
4381
4741
7157
2380
5077
4267
6122
5309
7208
9578
3059
1432
4997
5013
4373
3676
3710
6217
5100
6136
2942
3634
9179
6642
1966
9749
7776
9308
7943
0051
8597
6913
5203
7662
8858
0250
6968
5687
1710
7586
9216
3473
0509
8051
1518
6392
6400
9594
5375
8332
3197
3927
5551
2025
8157
9089
9622
6898
7674
8250
1868
4216
5567
8834
6466
2720
3075
5756
5078
2729
5658
5281
0175
6479
3356
4542
3321
6525
7992
0224
8526
8489
0969
5869
5798
2457
3293
6887
9324
1351
1410
6735
5116
1813
8103
2899
5955
4818
3104
9478
3525
8018
9817
5209
7538
0306
0008
5980
3214
7564
0575
4715
4829
7057
4062
6245
7721
4042
0218
4887
2283
1228
9056
6867
9187
7343
8151
6602
1482
1631
6107
2683
5257
2619
0865
6191
3454
6334
6464
3173
2770
5253
0169
4500
7976
6715
0333
0735
9951
1920
3121
1406
9031
0113
4031
2684
9416
3705
4886
7968
3485
5669
4902
3932
7786
8302
4753
6708
1500
3703
4090
2352
9238
9996
4223
5503
8927
6444
9669
4739
1134
9847
0620
0050
5139
3804
1139
2795
6989
7910
9799
7329
0600
5991
5871
3030
3425
1802
6451
4972
6079
4822
2712
7235
0027
7138
4755
0528
9066
8086
4612
4691
1012
5629
2353
3355
0358
0824
0924
6076
4048
6847
9902
0904
4038
9559
7010
8946
8484
9006
2455
2489
6624
2043
0666
8511
0870
3475
9258
7168
3494
7398
6636
5653
3730
9190
7799
1646
1938
3530
6686
9421
8161
6848
2122
3411
9141
0393
5087
5824
0581
1105
4310
0549
7136
9744
4253
3341
5718
8362
0355
7599
6381
5157
9183
3845
6093
3054
1677
7870
9530
4676
5885
3867
5747
9810
8306
8995
0890
4627
5098
4838
1193
7683
1067
8160
8094
0551
0297
3673
4562
9762
7573
2692
5713
2627
8263
7591
1329
3148
7375
8427
5314
0760
5372
2646
1762
4486
9303
7946
3093
2422
2045
0773
0624
3847
6325
1408
4452
0359
2777
6536
4707
2168
7093
8217
6634
2191
2783
3659
6298
8480
0859
6776
0496
1701
4212
1784
8456
3948
0899
4729
1136
6782
5854
0286
7918
7363
4771
4674
4733
2179
5903
4349
1614
0347
0868
4777
9841
6793
6132
5617
2562
0536
5065
1689
7821
6617
6597
9829
3906
3980
9309
5896
2780
6141
3420
8251
7773
7236
5703
9926
1211
3718
9585
5918
1324
3552
6986
3020
2546
3650
7019
7883
7242
1889
0920
0239
6795
3981
4406
7982
2180
3444
4081
5516
1650
1396
1563
2416
5022
5086
7410
3439
7181
6781
5124
4220
2689
0182
1271
7881
8725
6305
4620
0127
2194
3229
3210
2771
2214
3720
9632
0693
6644
4571
5186
6321
6637
3074
6203
6482
5437
8738
4136
9262
2356
8114
1959
7407
8545
4759
3404
1749
4151
6586
5941
3275
8574
0387
4122
8156
9643
7148
3302
4900
7423
4137
3806
5133
8707
5873
9102
6726
9111
4804
0506
2044
3625
3100
4350
2121
6111
0994
1742
1202
8904
0234
8898
7638
5148
8431
5531
1035
0527
6472
2494
9473
3482
7978
7955
0068
3911
0032
8854
5866
2249
8600
3474
0128
3163
6145
6420
0589
2244
2915
1776
9756
2339
4944
6051
3663
1642
2913
3884
3600
6704
7726
7300
1610
4929
0091
2943
9438
1583
4974
1057
3755
4086
8570
5115
0478
4890
4243
2610
1712
8147
7794
2087
4438
1512
1839
2858
3876
7361
5069
4505
0269
6478
1305
1246
0046
9213
0507
4602
2909
2653
7906
7455
8632
9647
6172
8000
9918
8488
3603
7559
5887
6623
4140
0970
4209
9132
2253
9069
7713
4169
0566
2648
8753
7237
3263
9983
4834
2842
5380
5683
3348
0613
5290
8014
8767
3838
8211
9344
8816
7989
9318
7916
7024
3332
5828
7654
6063
0260
4576
9351
1797
4036
3880
4366
2001
1781
1310
4580
4866
4618
4332
6232
2622
5051
1618
7418
0889
9566
8737
1342
0861
0913
0378
0093
4449
6646
4273
2066
4788
2317
8433
5573
7493
5223
6108
5451
0457
7985
8402
4558
5280
7729
1840
2495
6806
6165
3502
8305
9848
1448
3016
3645
5140
8561
1248
8259
3335
9208
9906
0886
5389
2084
3204
0028
0617
1078
0439
1288
0928
5559
2083
1443
5760
2157
7743
4754
1666
2893
8648
1718
5493
1031
2382
9541
6699
2082
2103
3665
8317
7929
9584
1405
7927
7185
4653
8784
0324
3990
6259
1385
9267
2203
7041
3760
5471
9713
8179
2591
1578
0879
7998
6721
2152
5362
7250
6780
8355
1634
6693
0396
9668
5160
6902
0233
2675
8918
3313
4017
1987
3669
8191
5012
7105
0042
0982
4161
7287
9387
5142
7115
3543
2827
3390
9994
8953
6743
9519
5628
7511
5307
1142
3212
1158
6233
7060
5259
6354
1462
6537
0518
9175
5255
2242
7963
8582
7537
5067
7904
6128
3620
7078
2185
6005
2857
7484
0344
2940
1147
4986
2587
0556
3371
1149
6422
7073
1979
8560
6385
9045
5655
2124
3734
1865
3071
9893
6094
6930
2626
3065
5008
2754
3385
5879
0665
6659
9991
8775
8524
9995
7166
0376
2723
6324
8549
4861
2599
4058
8017
8916
7709
1644
8589
1984
3894
9088
6547
9785
1823
4117
5556
1977
4756
2625
1942
9463
2080
4837
2206
1384
1132
0989
8976
5385
0340
8721
0181
5931
0212
6911
1723
0371
2326
4738
4314
6608
4348
6817
1870
4064
5381
0300
8061
6244
9666
6907
4127
3367
3333
8994
3440
6724
3028
5734
1786
5923
8998
2023
4999
5764
7750
6792
6548
6262
0952
7594
1680
1827
6683
3700
2074
6309
4167
1551
6157
7897
4367
7356
8890
9142
1589
6581
8867
5686
0455
5216
4655
9770
8896
6254
3481
5121
4487
3639
0646
3924
1929
5543
8144
5137
0949
0307
8714
3561
3550
0756
9095
1402
7548
8613
1672
4507
1606
7900
2348
8640
3221
7744
0086
5910
3107
3889
1383
1192
5954
7566
1217
7491
7608
4606
2140
8687
5626
6450
0443
4189
9520
1121
0221
8372
1989
2268
7442
0425
1643
2061
8274
3451
2867
3693
6952
0150
7712
7040
4197
6421
9100
1242
3733
9811
3286
0712
2793
8010
0292
2497
7668
0668
2024
3050
8248
0999
1068
7201
7871
8327
1936
5945
5857
7497
9105
9447
4202
9861
5772
2262
4814
0430
0217
2099
8446
9072
1168
0897
6807
5016
1873
1649
6467
1883
2077
9890
7274
5379
1834
5671
6992
0636
9801
9937
2057
1123
4780
1429
3405
1428
6527
5266
8583
2345
5769
7789
3920
3757
2461
2699
9121
0809
6918
2491
1188
2159
9307
8859
1927
6281
6568
3345
4626
0903
1126
5043
6029
3749
7643
7445
2274
7456
3820
8523
7378
6015
0552
5502
4404
9390
3456
1831
0407
9554
2928
5343
3215
7651
0365
5568
0118
7913
6352
0440
1159
6028
8702
9621
6492
8587
4195
7805
2557
2582
6306
8440
9636
3963
9037
7069
5522
8206
0291
2741
7383
8180
1206
5695
9349
2270
1925
5920
6719
5731
4989
8885
1675
4458
9816
3044
9553
7095
4993
5409
7088
6404
3353
0687
1668
7431
0777
5031
9296
5884
3724
7162
6983
4540
1935
8740
2432
8782
5875
7488
5846
5530
9388
5478
8393
5138
6257
9838
8002
5284
4441
4792
8193
5674
2544
3840
2426
9360
4940
1990
6329
6908
7953
6563
8906
3151
7071
5339
7686
4270
5299
4630
3713
8513
5220
7530
8850
9932
8875
7924
5585
6363
5239
8396
2951
8926
3967
5061
4668
9557
6458
0463
6585
0643
3372
3616
1863
6394
9356
7174
4448
9146
0601
0595
0758
6503
5940
2039
5843
8711
7194
6835
1706
2054
1018
2486
9936
2728
6290
3986
7348
3633
1752
6627
7379
2676
1141
3409
9837
6996
5501
4015
7830
6630
4520
3581
2537
8400
5692
9540
1164
4241
4013
2073
4937
0200
9989
4461
8233
5659
2372
7457
8713
9954
6114
6073
9905
0137
8208
3534
7479
2833
4885
3322
3692
4235
2916
2532
3013
0388
8992
5263
0098
7334
2931
2165
7197
0057
4671
9588
4265
5817
8353
0614
1183
0494
7740
0279
2980
4000
9516
2431
6773
8727
2821
2890
7111
1115
4524
2093
8661
1771
4870
8341
7417
0660
2167
3851
7323
4832
2493
6729
0774
2387
0096
9502
3931
8236
3281
0070
7390
8282
9824
6956
0718
0095
3282
3193
9206
7366
3575
5983
0582
6449
0638
3969
3738
5390
6102
9369
0654
0754
3579
5677
0530
3472
0076
7231
3228
2560
4527
6922
1852
9784
3721
4055
7764
5460
6862
5848
9350
0923
5794
1072
5803
4045
8705
3463
6246
8731
5439
2075
2749
2358
4570
4895
4287
7192
3092
4459
7808
1806
8019
8786
1214
6694
2904
0588
2094
7420
7384
2966
8510
4362
1463
5517
8778
4356
8728
3153
7433
8517
4961
3933
3614
7678
5082
3938
4408
9488
0041
0226
5786
7312
9977
1758
8975
2307
2390
3653
3252
6018
3010
6533
9748
3725
5818
9266
2800
9249
6736
8334
0198
0405
3253
9288
4721
9408
2107
6561
9681
0325
8841
4429
6043
0147
0220
2306
5010
6241
4932
0372
1179
5951
8552
2797
3893
6926
0289
1145
0682
8260
7256
2272
7444
6805
2365
1382
8102
2340
9626
7013
0381
5376
0170
8790
4835
1191
7560
9598
0456
4457
9544
4751
6973
9835
0267
3509
8917
7516
3652
5411
4826
3254
6565
8776
7697
8888
6418
9819
4060
3779
9130
6988
0402
0185
3780
9696
3830
9633
1344
1154
7964
8955
7845
6077
9192
5334
6314
8107
7490
7296
8120
2768
2459
4582
6541
8462
2195
3578
0535
3223
9453
9423
7232
8428
0035
7043
4713
1997
3643
1152
2466
8474
0151
6202
0016
2301
5417
0956
8986
1289
4296
1805
0905
6211
6896
4692
4531
9961
6067
6705
4514
5450
3983
9871
8369
5337
9823
6048
9653
1496
2322
4716
0839
9364
4533
3807
6641
0010
3266
0830
7603
2745
2226
9150
5600
9550
0827
6757
7177
6210
1199
6714
9448
2267
0015
1783
4152
5732
8329
1497
9084
2834
5581
5958
7172
0404
5063
5131
5741
0262
5700
8569
6967
4949
8117
6353
1239
1319
8083
1185
1850
3915
3060
3176
9526
8383
8154
6888
5344
7724
3728
6343
8688
7909
0543
4662
8455
3346
4488
8822
7875
8897
9605
7273
1995
1910
2755
6441
9339
4470
3091
2407
2342
3152
9153
6103
0075
9233
6596
4555
5153
3412
0998
1218
9036
1157
2982
0270
9260
4184
3573
5578
0338
5088
5268
9998
3449
8303
4415
6435
9370
8546
5770
1086
8581
8564
0009
5952
0308
0802
8447
1903
9904
1728
3297
6695
0972
3024
6738
8575
5801
7186
2600
6820
6030
4326
0117
8261
6846
9393
9167
8482
5039
0862
0280
7325
3359
2048
6635
4905
8860
9330
9597
3416
3722
8124
5620
9269
4007
0655
9603
8123
4213
3460
1434
4398
9215
7485
8297
9106
3140
4970
5599
0883
7827
6041
9963
4709
1521
5122
1956
0058
5648
3802
6684
6049
7004
7650
0784
5527
4984
3198
1074
7009
9509
8502
1102
9070
5865
0706
7191
0516
0826
4963
1253
0491
2811
6985
7692
4258
3756
7552
2977
3813
4874
2761
3311
7977
0792
4892
0449
9617
9284
7315
7311
8620
9004
5312
7449
0066
3743
6557
1356
4244
4512
4324
0938
6600
0139
9619
3556
8354
7832
0703
9411
5548
6383
0813
9445
8668
0038
6570
2747
1756
9883
1760
6315
6174
5847
0346
1799
9467
8228
7412
3711
5458
5613
7859
2425
4918
4409
6855
9486
4529
7031
2985
5971
9931
5210
0716
6895
5011
8997
3083
1738
7247
8912
3362
3529
2298
3400
5597
5660
8183
2527
7685
6899
7849
4016
5348
6676
8938
7238
7536
1836
3540
2464
9171
3464
7058
4672
0232
5236
8680
9751
2336
3246
5520
7862
9600
0282
6130
0474
3261
3513
0800
4930
5449
2487
9506
5953
7428
5300
4030
2929
6187
8519
1032
9472
5467
7825
2705
5319
4426
9242
2005
8498
8991
4594
3660
9791
9410
5165
3939
0367
7984
4312
8494
9314
1433
8076
8884
6340
9029
7933
8981
3546
0811
8845
0831
9925
3187
7037
9671
3015
3862
4977
1951
7161
7478
1798
1792
1247
6286
8559
9852
6360
6183
9975
1770
5355
8090
5704
6409
7550
3382
1104
7306
3746
5959
6523
9120
2041
4260
7645
8660
1273
5421
6398
7175
5246
1679
6566
2691
2458
7230
8064
8013
0364
8947
3903
9857
3130
9280
8900
4947
5018
3500
8323
6768
2312
0876
3365
2069
4378
6459
5050
6604
7633
6402
6045
4166
6524
1181
4236
8629
5391
0975
0418
6749
0722
1737
5762
7957
4965
1503
3997
0322
5358
6760
8724
3276
0572
6282
8441
5234
7504
9667
6201
0174
4175
3890
5539
4605
5934
8593
6359
2290
1788
3811
7795
0559
4544
1690
3014
9415
6055
6347
5283
5998
5610
8418
5313
1767
8949
8709
7715
0305
9316
5736
0967
2164
5616
8222
9738
7132
6599
4370
3536
2923
4637
1314
5587
8747
7541
1180
8281
9078
0479
9779
6980
7193
9704
4873
2063
5840
2740
5730
9685
7814
8732
9611
3174
4294
3125
7532
4233
9949
2881
9181
0067
5676
6994
6712
8202
7665
5635
0753
4652
5325
1848
1300
4943
5802
2483
0302
6095
4110
4393
0202
6407
0795
8052
2068
4125
5564
7661
1050
1536
0193
3469
5947
5577
2654
3521
0497
6511
6017
8624
6070
1222
0985
3517
0236
5622
9118
3350
1361
7305
3562
2092
3242
8223
8485
7658
3954
5849
3504
9424
4070
2499
3510
2790
9615
7986
9063
1270
7572
1446
9110
0547
3343
6339
7634
6047
8760
4187
4843
1707
3775
5005
7801
8277
0625
4700
9524
3501
9244
3565
2014
2972
8413
0895
2175
4536
3161
1346
3106
6836
2367
8070
2181
1543
0841
2012
4079
4728
8271
7336
9935
1902
2772
7452
1107
6824
8450
1939
6664
0207
3190
6601
9573
0810
0908
3801
1004
7824
5533
9389
9210
7098
0423
2201
4768
7604
9442
2921
8163
0099
2496
8580
9575
5357
9507
0858
8379
8819
6369
0966
7575
2510
4817
7447
1963
1455
0483
0785
6638
5093
5446
4290
5637
3277
6292
3395
8522
9373
7718
3585
5464
3864
2718
7415
9322
7355
4600
2877
2810
4789
9134
9436
3881
3531
9497
8669
5563
0594
1044
9191
0489
0078
5880
5688
8465
5125
7030
4523
8952
6085
7365
3389
0689
3974
8795
5094
1151
2153
7419
0063
8492
0134
8652
4616
1197
7127
6923
3209
0389
5611
4694
1981
6542
0122
1092
4762
9405
8606
9400
5964
8054
1665
3596
3697
0173
8971
0433
3304
4094
9032
3488
6691
2450
7866
5521
0141
9612
7922
2973
1657
8300
4577
2869
9381
0912
1918
3110
3417
1732
3900
9960
5572
8471
3909
2347
9177
3824
0473
6890
4889
2762
5723
7578
2089
4330
9297
0313
4852
7800
9614
2529
1459
1229
8791
5666
5177
6951
1527
9184
0984
0189
0080
8616
8886
4547
2823
0288
1789
8093
8171
4712
6544
2374
1416
6388
2276
2109
8113
8027
0623
3224
4116
3211
4412
0195
9348
2395
7370
4341
2442
6412
2932
0211
8937
8495
4087
6947
8933
8934
4413
0701
9743
7084
4878
3490
4442
8357
0704
5342
4566
3843
0738
3200
6755
1759
4386
3019
2302
0043
7128
4931
5494
5114
9708
9635
3064
6954
4427
6692
3630
4323
1688
3486
4833
1252
8088
7435
6099
3419
5506
3723
6955
0052
9510
4100
5813
8386
3344
9050
3549
0622
4839
5979
0403
4222
4390
5586
1491
4280
8880
1453
8320
5505
2989
7133
2608
6605
6856
3369
5368
0003
3541
1763
7935
0644
5975
5783
0788
6826
0336
6235
0284
4005
4638
7965
4899
8901
7272
0695
7815
1333
5583
5754
2285
0685
0158
5800
4497
9595
2524
2105
8956
6481
9986
8328
0770
0673
2949
6265
4108
6834
5904
1358
3248
6164
6146
2056
0104
3672
2297
8563
3387
6463
4375
1700
3112
9945
9849
1540
5804
4750
7728
6710
5757
7555
5598
0120
3086
5182
7793
4480
5785
0838
7841
5536
7307
0880
7887
3739
1620
6050
8861
5218
4009
6815
3137
4035
2801
6873
1240
7401
9265
5296
2697
1812
4365
0165
6445
9441
5535
4528
1334
4991
7842
8439
3762
2638
8766
8394
5836
6066
9551
9135
7777
4498
1699
0089
7580
7446
4010
3695
7753
1914
7939
7028
6078
7265
2102
2259
7404
9882
7706
4257
3029
6799
8534
4909
6764
0604
6598
5969
0719
5967
4274
2571
6957
1964
7898
2759
5511
5097
2515
5694
4399
9870
3688
7461
5851
9163
8642
1617
8525
1627
2704
8074
2171
4915
1209
6118
6190
6590
6376
7264
2796
7376
8868
6086
3004
9718
2141
9229
9532
9723
2716
0761
2854
1426
1901
7487
6349
1875
9493
1510
8812
1628
4256
0301
5696
4796
8249
0759
4847
5499
3441
2775
3342
6448
9313
6943
8804
5576
8691
6489
0363
6733
3006
6127
7068
8623
1399
3432
6791
8562
7995
2472
0238
7768
1590
5593
2239
6546
9176
4234
8307
4968
1709
3167
7732
0532
5360
0452
2463
5046
8330
6964
7089
1029
5968
8909
5275
2910
9397
6159
5474
5317
8479
9207
1860
4321
8638
6443
9840
9124
2665
9556
8404
4904
4634
4748
6372
8238
8894
6857
4945
1184
0991
6753
1376
3150
4928
3737
7200
8108
2611
8406
5664
9885
7349
5883
6609
5173
6247
7630
7124
3314
7907
9844
4054
4622
0945
1208
2233
9432
0458
7612
6386
4266
3828
5054
9057
3207
2926
4092
9186
0720
4384
5537
9481
7785
4185
1862
1713
8720
2408
9515
2097
4410
8811
2038
9620
9891
0959
6670
5937
6250
2502
1219
7937
8696
9642
7671
2474
8210
3956
9800
2708
0426
9827
6243
0476
0681
5608
6971
9845
7107
9806
9577
5130
5144
8944
4649
0560
1373
5767
8106
6643
2186
4163
2774
4046
3726
0263
4595
0705
9625
2863
3814
9108
4073
2758
3230
9377
7206
0056
6700
5448
0437
4388
5303
9795
9629
7008
7317
2918
8112
8204
5033
5995
8939
1186
4133
3944
2281
8757
3793
6594
5657
2234
3401
4782
4468
6665
8756
1124
3111
2388
6473
0533
4077
4262
4499
6879
6148
4764
2400
5426
4669
9875
0382
1807
3921
8558
3917
1052
8055
1705
1794
7275
1103
3189
9217
5612
4277
1241
6703
7141
7891
4722
1698
6668
6878
9533
0988
0105
5960
5746
7962
2462
1269
3628
1119
4908
7806
5663
4276
2055
6089
2369
8651
5936
7903
8040
8240
5352
4172
9253
0561
2227
2849
2558
0517
4912
5615
4645
1895
7659
7001
2602
8540
9776
1575
1397
7813
8143
7742
1113
1822
1291
1349
1810
5906
5529
8922
4164
5939
0087
2255
4921
8556
0580
6788
0047
3646
0031
1985
7803
6583
2417
4791
2095
0187
3950
2978
1394
3035
3269
0296
2034
7103
4354
3166
9518
0251
6530
5774
2210
6069
0596
2424
3227
8298
6176
6801
5071
5827
7737
6115
9474
2848
8024
9683
6131
5761
3445
2520
9227
1907
8869
3039
8335
4483
3642
4746
1764
0246
5028
4819
6294
3315
2635
7952
9511
9125
3977
3826
2592
2541
5279
4898
6796
1091
7472
0744
6365
3053
9922
4526
0318
8331
1464
4572
3809
9813
6061
1258
9897
7389
9978
5777
8490
1685
7454
9412
1336
8656
0366
5196
7102
8729
5075
9305
2679
2645
2649
9730
6408
7828
4583
9690
9060
4491
6893
8380
0065
6010
0931
2556
1370
2922
1327
2349
6688
5722
1060
5778
3243
0417
1587
7262
8337
1447
5605
4020
1233
5038
9275
8311
7034
1571
9293
3704
6000
0214
7747
0531
9261
5423
4564
4948
0997
1616
3272
5180
1436
5392
6456
2085
1065
3264
7595
5788
2113
1522
7587
2621
9631
8367
7613
4922
2414
3394
3667
4503
2945
2969
2392
6013
3347
1973
9822
9379
9083
4403
7869
1000
8645
0231
1855
9018
4635
7397
5328
1138
8368
5019
3507
6697
6613
2260
8257
2616
6936
3605
5072
5068
4322
4019
2071
6137
0821
9321
0798
8067
5826
8902
2334
3036
6327
7772
9694
3185
5270
7393
1297
8832
2385
7886
5631
1235
7990
9017
9754
4736
9061
3960
3249
2448
0577
9228
1203
1782
0219
5891
0184
2284
0422
7549
6453
6651
7557
9907
6904
4894
9071
6199
4956
7865
1098
8037
0188
5514
4454
0564
9264
9062
3608
7322
1372
6370
5679
4941
4537
8071
0304
9548
5363
6837
2148
1417
1156
4111
1322
6652
9805
1744
7788
8358
8287
7695
2743
8565
6746
1352
3571
3859
3423
6393
6229
5092
5768
8505
8089
2785
4799
0766
4787
5641
1565
1847
9119
2681
6551
4067
9651
6436
5719
0953
4028
9773
6543
6098
1818
3958
0278
1414
9968
6457
8343
6616
6169
3597
1213
6881
9157
9664
7950
8599
2807
7022
4298
5419
9457
9020
0465
5163
9395
8227
6717
2583
3399
2639
5459
5860
0255
0780
9165
5070
7269
7818
5526
8212
9139
2146
0213
6845
6125
7210
9732
3134
2470
5905
7641
0591
2238
7243
3250
0750
9049
5331
0548
2145
5305
5245
5112
4106
5322
8408
5156
3758
2868
5815
0319
7049
3219
3842
9956
5957
5286
5919
6784
6068
8314
0648
2856
7331
2825
2350
6621
0329
9508
8170
9536
8267
0874
2393
6272
7836
6499
5183
1485
2078
5982
4553
8681
5946
8137
7353
0116
9114
8611
5744
5738
7908
3135
9528
5878
6732
0210
0298
5109
8134
8333
1148
5396
9363
1780
6556
9853
7299
6975
2032
3714
8200
2975
5301
9900
9133
2959
1662
1224
5232
2248
9320
1431
6591
5832
1727
4242
2831
4601
9858
5278
4023
6336
2802
6057
9479
4286
8671
4775
9185
6037
0004
9251
4556
4123
6813
7528
5895
8133
7413
3177
7167
1260
0303
1654
1921
1830
2370
0898
9682
2826
5367
5545
3366
9014
6091
1724
3287
6493
6364
1331
4334
8777
5670
2589
7044
9650
2617
9608
7070
2530
8619
9505
3816
1201
9930
1777
8429
8987
4346
2565
1335
4857
9846
5212
8253
9965
6204
5340
7048
8468
0237
9778
2492
9628
8382
7303
8742
8364
3654
8663
3582
7720
8754
0064
7195
6313
0930
1130
6885
2177
6163
7905
7369
4051
7215
6864
4176
0480
4954
8877
9335
1243
0664
7568
6345
3759
0782
2954
6538
3097
3839
7714
4297
2787
1295
9538
0728
2566
5204
1660
1517
3192
4407
1109
0714
3694
8082
8164
6701
0436
2536
4475
5429
3870
8063
0130
6775
0819
9079
9156
0565
4254
3885
1255
6180
8694
7438
2363
9234
1817
3305
8704
6821
0168
8033
1864
5810
5302
8391
4640
5992
7116
8273
6161
5984
6168
4884
1378
9691
6772
1340
0637
4958
1001
4916
8712
2607
6748
5570
4440
7598
3511
0100
2564
8965
0757
6912
6949
3002
3046
2919
7318
8674
1128
3438
8336
6411
8604
0316
4987
7253
6337
9241
8375
6389
9452
7979
9099
4120
2021
9789
8385
1851
6440
9894
1608
5032
5025
1256
1960
6832
5195
3109
1285
8043
8187
3995
6564
2003
6894
1042
7512
7252
9768
7554
6818
6121
2261
4585
4371
9695
4939
3812
9302
9353
8254
0375
1603
9921
6767
1189
1014
7108
5894
3031
7016
8232
8348
5345
8673
2767
9209
5399
4142
6790
3941
8639
4121
8030
7443
7525
9317
5588
7930
5224
7637
3898
7915
9492
2983
0727
1922
8692
1418
3655
0590
5850
7304
7561
6658
7429
3827
4994
9774
7509
4305
7150
4552
2362
9702
3234
6155
5377
2116
4308
5089
1108
8930
1280
2939
3551
9199
1425
9374
0259
1721
5542
9843
5465
9927
5434
3873
0072
0709
2507
1695
3142
1318
6709
4422
0627
2551
5604
5095
2120
4178
1176
2328
9246
8461
0153
6752
3748
4726
4840
1557
1725
5132
8543
2401
5035
3403
6433
8662
5024
6186
8518
8805
7179
4208
9458
6071
8004
4315
8425
9221
0584
2513
3883
8515
6222
8226
1421
5335
8555
6678
9137
4473
1582
5324
4516
7675
1659
7357
1832
5252
9178
8722
7648
8960
0400
4816
7387
2673
3594
3284
4561
7716
9914
8165
5420
5002
3238
0534
3533
4850
3658
0311
9429
1790
8813
6852
9912
5513
1249
0786
0823
2406
0901
0201
7558
5492
5646
0156
0126
7704
1323
1062
8550
3375
1796
0797
0485
9236
9746
9649
2013
9990
2542
0829
4565
8346
7003
4093
7266
2563
5491
8023
3048
2956
5222
0460
9205
0717
8478
8139
5205
0421
4157
7966
7597
1529
6348
6672
8779
4714
9938
5441
4985
7482
0427
6346
8136
4681
6072
7928
7885
8371
1413
4584
1999
0570
7147
3007
5193
4450
2142
7065
4307
1296
5724
2364
6861
2902
8751
9193
5369
7224
1720
6350
4686
2509
1844
7346
3379
0222
2907
7486
4699
0915
6696
2901
1190
1259
0678
1774
8672
3808
4012
0597
4559
9471
8585
5483
9901
5541
2715
3364
7694
0025
7061
2209
5497
7690
2451
2289
4784
7227
4592
5102
3544
1403
9204
0467
5856
8857
4129
0852
0523
8631
4683
4278
4703
1490
6884
6915
3191
3149
1023
1437
0034
5197
2694
2693
4596
2064
6991
6803
0450
2719
3068
2441
8141
6032
5435
0801
0133
7341
9201
1254
5226
7917
6950
1525
8633
6497
0817
2853
9202
7279
2837
2874
1080
7153
6253
1948
5523
7430
8279
4651
8294
7240
5753
9409
5371
5405
2016
4578
1943
8685
1069
1879
1073
6414
0017
0468
9992
6213
8935
4794
1439
6075
2636
8150
6380
2930
5485
4192
0178
0891
7710
1071
4688
3426
4084
0069
4037
4098
7609
4942
9561
6653
3325
4359
0641
9026
5353
8079
1651
3979
7239
2125
6357
7352
5943
0936
6662
1047
0129
1480
2330
6358
8810
3415
4018
6584
3503
2999
1017
5242
1039
7358
4504
0642
4173
6830
7362
6452
4003
5486
8919
3011
9587
7820
5310
6491
2669
6770
7267
0274
2550
2224
6618
3978
8706
3836
4181
7464
2053
9711
5146
7146
4183
6100
7565
3731
4522
3087
4215
8950
4433
5592
4708
5422
8508
6927
8683
5922
0732
3647
6574
9098
0820
9283
0649
3406
0960
3217
2539
3998
9662
8270
7861
7576
0652
1843
6575
5974
0464
7188
5202
0986
2500
8980
0539
9392
9688
7110
4828
6919
7050
1793
9164
2569
9243
0481
3318
6371
7091
3800
1182
7967
5614
7810
1566
4374
2885
9332
0630
9113
9804
7246
2207
8421
1994
9433
7980
2839
7223
2228
5944
9294
6008
0893
9469
6234
2581
5681
1020
9399
0621
6828
3554
1045
4697
2870
0254
9407
9934
5394
1912
6410
3386
2736
5017
7337
8993
3268
8741
7036
9086
3664
2643
2554
0605
5618
4128
4785
3696
5749
9807
2118
8424
8667
6645
9959
7833
6552
2482
5924
1876
1555
0653
8610
5907
3548
1629
2739
3602
4444
2091
0707
6515
5428
6471
2993
8675
5647
2859
0276
6841
3782
7970
3879
9067
1773
4490
4871
5272
0398
8349
3795
2596
0721
3061
8780
0005
6242
6266
8288
9896
5262
6663
2310
4920
2924
9059
0749
5726
6514
2411
8276
1888
5176
0598
6053
7835
5453
7025
6429
7809
4255
7631
2211
3032
3632
9618
2446
5365
8132
3689
8405
2154
3834
2405
8551
8621
5215
7149
0645
7852
9606
0697
4063
4557
6877
4050
5289
9797
1354
5479
1884
9569
3522
5406
7405
8817
8544
3160
8637
3025
1371
7122
5981
2187
5820
8914
5297
9673
6042
0397
4029
7391
8104
1930
7180
4936
3381
4724
0159
3233
8913
3062
5096
3431
2813
1908
1419
3815
2199
0488
2216
3057
0144
6178
1237
1702
4225
3155
0026
7588
4423
2658
4863
2917
9714
9724
7075
5780
8538
5553
9256
4667
6587
2814
9581
0424
4385
5473
0414
4760
9345
8142
5066
0079
6812
4532
8634
2575
9182
8643
9752
0587
2883
5298
0154
0011
2182
8532
6342
7063
4199
0857
8548
8397
0816
5383
6713
4006
0863
4927
0980
6331
0932
4766
3849
5350
8679
4460
2277
7459
0541
6982
4732
0941
4836
5978
4869
7475
5574
7209
9001
3957
0628
1891
3934
0629
3458
0013
6039
6825
4316
8184
4124
3216
5174
7858
9517
8203
6427
6995
8269
0929
8155
1395
7330
4061
8730
4285
0090
4369
4574
5986
7797
0873
2946
9602
2667
0579
4469
7996
7081
3656
7782
9716
1754
3493
4587
1290
2320
2525
3146
1313
3147
6438
2920
7314
6182
7142
7730
7523
4579
3891
1212
0166
3553
1468
6882
5728
7719
5294
5950
5442
3610
8911
9539
7717
7386
4325
7877
0933
3005
0869
3340
2574
8266
2429
1083
7585
4624
7392
5685
2139
5230
2319
8516
5606
7600
4919
3290
9462
1294
7134
9722
3072
2202
5900
5699
0268
5816
9988
8084
4021
0900
2402
7054
3320
8682
6576
0083
0039
5333
1730
6335
2129
9468
9563
7547
2594
5889
0266
0487
2710
2315
1167
7682
8119
0609
5387
1427
7109
7701
8366
3803
7259
9542
0742
1236
8787
7696
3570
3442
5188
2251
4858
0411
9881
2845
8958
3887
8458
5745
5650
5633
8797
1365
8361
5014
6362
4306
4607
2927
8148
3407
0339
3677
8069
4363
9174
0379
4445
1488
1747
3972
4138
6361
7623
3989
6578
2632
0022
7492
4859
7462
1877
5076
3538
8377
5973
4201
5480
7522
7567
9019
3196
3316
6426
4210
4743
4966
2287
1755
8500
9693
2015
4959
2533
3123
4698
5858
7723
3447
2115
6275
8315
3095
5627
0406
5277
3172
2752
7368
1647
2058
0943
4113
4567
6390
1558
8970
2453
0921
5004
9863
7802
4455
2601
6432
4657
9347
0612
5267
6725
9414
4588
4439
9941
0807
4269
5346
6090
9455
6666
0866
3292
6143
4292
8308
3443
0508
1438
0578
2235
9596
2420
0101
9709
7160
0088
7155
5462
8954
4268
6160
2292
3622
4446
8416
9082
2634
8855
7763
3741
7949
6344
6142
4085
5989
3773
9080
4545
8497
9915
3259
9354
8466
8125
4964
1501
7333
1559
1016
7784
9976
0275
9777
6569
6945
3410
3822
2004
6851
4271
3455
1703
6228
2897
6226
0256
7702
6842
2062
5178
9027
2753
0550
0834
9127
9855
2438
1869
3918
6920
2501
4706
8072
0679
3606
6284
2343
6868
6774
0362
0123
8080
4389
3232
7707
8417
2521
1917
3018
2465
0309
1150
9081
5717
3835
8677
6104
8594
6274
6221
2666
8178
0369
7790
2662
3886
7993
7857
2900
6886
1357
4877
7440
5927
9042
8592
1572
7011
5855
5349
9663
7727
0631
7064
1613
0610
0538
3199
3651
1366
9270
2586
9273
7291
3952
8809
9895
2028
3683
3120
4313
4855
4379
9979
5976
0493
5682
3183
3361
3122
9117
1303
5359
1593
4302
0205
1348
8292
6707
2011
4851
9942
4781
1507
4240
3819
8595
8373
0525
8020
5361
7647
5398
8542
9477
4027
1332
0342
1170
9449
0111
7217
7545
0295
5447
5538
1729
3102
2445
4646
1671
3310
8814
1545
0520
3742
8665
3984
0571
5403
8864
1175
7092
6423
6577
1458
3265
2332
5935
0794
0806
8591
0669
6167
5227
4096
8129
1996
4812
2160
3225
1890
9499
9680
8506
0196
3391
8840
3823
7622
3675
0607
7351
9831
8444
6941
9039
0676
4139
1367
4489
8452
4677
1232
0567
9689
6052
5145
6487
0650
0768
9426
4481
2670
6374
3962
0563
0320
3786
3414
0391
7972
7792
5108
0608
7791
3750
0459
6269
8159
1697
0511
6614
3012
2698
1640
9839
5997
8887
8628
8189
7505
3928
2197
4083
6800
1129
4239
6540
5845
9271
6615
5482
8081
2995
3235
2791
9475
0229
9887
8590
1272
4474
1390
4952
3103
0771
1216
7320
9490
4089
3799
3066
2803
1320
3459
1160
2707
7563
7151
6382
6674
3428
4744
1347
3306
1909
2763
2817
0867
9527
6731
0776
1739
5930
7519
2517
1841
0937
7228
9214
3765
9126
0290
8442
9289
7938
6840
0515
1456
3922
1826
0190
9522
8676
3946
8874
0160
7496
2794
1027
1845
8923
8009
5117
2552
2974
9159
8258
3797
8224
2149
1811
1234
1824
0131
1002
4896
5128
2421
1081
1586
5833
0542
0243
9833
9245
6271
9323
6891
3766
6588
6690
5105
8313
2548
6106
2111
0661
5332
4891
4462
6209
6214
6406
5872
7100
8666
5045
7427
1597
9038
9826
9879
5477
5048
3627
9766
4805
5793
4246
0836
8746
1368
7055
6648
1612
8031
8097
9604
7531
1028
1478
2247
7328
7625
7739
0445
3520
3776
8844
8871
4689
5147
5488
3448
9750
8615
2132
2765
9501
7448
0108
4550
5487
4551
4217
4749
1326
6405
0602
4479
0611
2046
7359
2264
9122
4769
9656
9759
9194
6606
6397
2950
1520
4053
9828
0208
1881
8001
1473
5690
0837
7969
0331
1489
6239
9966
4933
3434
7543
7879
9034
3496
4982
7225
7775
5913
1312
1598
7056
2419
6783
3992
8168
4301
4548
9898
0914
9672
1986
6734
8749
9570
3624
6737
4282
7765
9641
4717
0432
0790
4670
7145
2229
8601
1611
0492
4047
1772
6415
1163
3139
8007
9425
7002
0529
7593
4232
0062
7277
5469
8066
2254
1683
2430
0018
7007
3785
8190
0281
9290
7042
3516
8983
9971
2876
4238
4914
7026
7159
3607
2119
2792
7544
3487
1691
8395
4478
4509
6953
2855
1006
1400
7756
9094
5152
1435
5037
1815
4295
0073
9058
6619
0524
0044
2782
7154
1135
3681
7344
4673
5714
0368
7677
6291
1602
6198
7601
6946
9792
0370
7077
0825
2444
1898
6224
0690
1302
3162
8487
2051
6035
5064
4231
2217
9103
7853
8422
8803
8115
5864
5149
3774
7327
6858
4631
8568
6218
9624
0557
2333
7767
7693
7602
5285
6876
6496
9560
3910
7874
6940
7708
2612
1692
4725
1576
2656
7945
7176
8982
2709
5823
5243
9075
9512
9010
1934
2843
6866
0731
9953
6227
9092
8636
7884
7388
4633
3679
6454
9940
7290
3611
7029
0317
5329
6874
2531
1475
6787
0172
6620
8423
6938
3077
2672
9928
5532
3101
8167
8073
8969
1079
6762
5512
1476
6722
2399
9413
2454
7579
0350
8962
1043
4221
7051
4992
0248
9485
7577
3413
3156
5544
6046
6661
7234
1266
5504
6797
6519
9380
0310
2368
5416
3866
8588
2299
6338
9259
0152
0486
1837
7283
6505
3279
7465
2746
8477
3080
1053
7199
4114
2742
8481
5040
5897
8140
0946
0235
3055
2660
1905
7261
7308
4146
0555
6929
4434
1502
8836
6021
0558
2304
3674
2413
0227
4095
9771
3360
1561
4347
5408
5684
9725
2335
0334
7829
6671
6430
2568
4291
9386
1120
6747
4377
7844
4405
3821
2257
4132
0974
8781
6611
4643
9480
3462
2112
0854
9428
0453
7190
4946
8698
2067
8828
0675
9166
7473
7526
5475
2614
9634
0951
5709
0987
5787
4867
6205
4293
3996
7170
4614
6625
4101
3436
2779
6301
7498
5547
2079
0356
2295
1442
3857
7135
5141
8032
2878
4842
8109
0698
9788
9169
0778
8255
5431
9489
7711
8214
1061
9337
3925
4482
6863
5427
8802
4795
9889
5624
9973
2912
4563
5221
3262
1088
3745
8213
4401
4224
5716
9780
6751
2895
8243
8758
9342
2354
6285
2110
0662
8209
2266
2439
8463
5418
1872
1552
2832
6765
4376
3576
7956
7839
2305
2578
5158
3323
0964
0352
7121
5737
3951
8736
3588
3732
4613
3260
3940
8988
5258
0021
7864
0593
5528
0787
5143
4039
1800
2428
1457
7725
8011
6212
5609
2346
9658
8963
8690
2829
3203
7293
3285
8830
2992
2381
5330
7117
3288
6318
9684
3418
7826
4990
4044
6084
7779
9495
7873
4586
0415
5926
1838
1262
3256
5101
7940
6582
5594
6829
7453
1623
7958
3027
8457
6151
0054
8990
3908
7911
0822
9161
3949
4543
8925
4424
0121
8237
9798
2467
6240
6288
8932
2193
1276
8220
2862
1465
2891
8646
3131
1411
8201
1775
6431
5643
2383
7639
9834
6237
4205
2738
6558
9147
3312
9115
3619
1205
4611
9494
0875
9282
6152
2155
5000
0191
9660
1058
1286
9040
1471
6023
0109
1037
8060
2241
3865
3644
0815
4165
9758
7619
1696
2435
8092
3577
0793
5073
8541
6036
9919
4907
8186
1308
5129
6256
0888
5555
7542
8436
7460
7936
1564
1005
5219
2840
5496
9657
6883
6276
5030
0216
6880
6682
2804
9809
8879
4608
0615
6833
1992
5985
3138
6610
4360
